good = [4292619709 4292622013 4292626429 4292632189 4292655613 4292658685 4292661949 4292672701 4292673661 4292675965 4292681341 4292683261 4292684413 4292693821 4292699773 4292703421 4292708029 4292711293 4292713789 4292716861 4292718589 4292725693 4292727805 4292729533 4292730301 4292734141 4292741245 4292742973 4292753533 4292756029 4292761021 4292776573 4292778685 4292781373 4292785789 4292789245 4292790397 4292792509 4292805757 4292809021 4292813821 4292818237 4292821885 4292825917 4292838397 4292844733 4292848765 4292852029 4292853757 4292855101 4292869117 4292872189 4292873725 4292875453 4292878333 4292880061 4292887741 4292893885 4292894845 4292898493 4292900989 4292903101 4292905597 4292909053 4292911549 4292916349 4292919613 4292923069 4292930557 4292936317 4292942269 4292944573 4292947453 4292948989 4292952061 4292954749 4292957821 4292967805 4292968957 4292970301 4292980861 4292984317 4292990077 4292992189 4292995069 4292998525 4292999677 4293011581 4293020797 4293024445 4293030013 4293031741 4293039229 4293046909 4293050365 4293057469 4293063805 4293065917 4293080893 4293088189 4293091453 4293096253 4293103741 4293107005 4293113341 4293121021 4293127165 4293135037 4293135997 4293138109 4293142141 4293153853 4293156349 4293167293 4293172861 4293182269 4293186877 4293189181 4293192829 4293194941 4293198973 4293211453 4293215869 4293217405 4293220669 4293223741 4293231613 4293239485 4293250429 4293252925 4293256189 4293259837 4293262333 4293282109 4293289597 4293299389 4293310141 4293323773 4293331261 4293338749 4293342205 4293345469 4293351613 4293361981 4293366205 4293369661 4293372925 4293382333 4293383293 4293391741 4293394237 4293396349 4293400381 4293403645 4293408253 4293416125 4293420349 4293423805 4293427069 4293429757 4293438781 4293446845 4293449533 4293461629 4293464701 4293477565 4293488317 4293499069 4293502333 4293507901 4293515581 4293517309 4293520189 4293523645 4293527677 4293529789 4293530749 4293533053 4293538429 4293540349 4293544765 4293546109 4293548221 4293558397 4293573757 4293577789 4293581629 4293583549 4293586045 4293589693 4293590653 4293592765 4293598333 4293604477 4293626365 4293629629 4293632125 4293635389 4293644413 4293649597 4293653053 4293658429 4293661309 4293664957 4293668029 4293670717 4293673597 4293680317 4293683773 4293686269 4293692029 4293693757 4293705853 4293718333 4293729085 4293733501 4293736765 4293749629 4293759421 4293761533 4293764029 4293767869 4293771901 4293776509 4293784957 4293787645 4293788797 4293799357 4293806269 4293813373 4293816637 4293818557 4293819517 4293835261 4293838333 4293843133 4293843901 4293846205 4293860221 4293865021 4293870013 4293872125 4293878461 4293881533 4293888829 4293892285 4293894973 4293898237 4293905341 4293912061 4293917821 4293919933 4293928765 4293930109 4293933373 4293934717 4293937981 4293942781 4293945277 4293947581 4293953533 4293955261 4293967165 4293968701 4293973309 4293976765 4293979261 4293981373 4293987517 4293990397 4293996349 4293997885 4294002301 4294003837 4294005757 4294008829 4294028605 4294037821 4294047037 4294050493 4294054525 4294056637 4294059133 4294061245 4294066813 4294074877 4294079485 4294082749 4294091197 4294094653 4294095997 4294098109 4294102141 4294104253 4294105213 4294112893 4294116925 4294118077 4294124221 4294131325 4294149949 4294152253 4294156093 4294158013 4294163965 4294168765 4294178941 4294191421 4294206589 4294213501 4294225213 4294227517 4294227901 4294231741 4294237117 4294240957 4294241917 4294243453 4294245565 4294249981 4294262845 4294271677 4294275709 4294279357 4294280317 4294288765 4294296061 4294298557 4294300861 4294305469 4294315645 4294321981 4294324093 4294331197 4294332541 4294334653 4294335997 4294338877 4294343101 4294346557 4294350013 4294354237 4294355773 4294363261 4294366525 4294368253 4294372477 4294375933 4294386493 4294396093 4294404157 4294406653 4294411261 4294417405 4294423165 4294426429 4294429309 4294436029 4294446589 4294448317 4294449085 4294456957 4294461565 4294466749 4294470781 4294472701 4294479805 4294483261 4294484989 4294486717 4294489597 4294492861 4294495357 4294499005 4294501885 4294503421 4294518973 4294532797 4294533757 4294536061 4294544509 4294552573 4294558909 4294567741 4294570621 4294574077 4294584445 4294586557 4294590973 4294595773 4294598269 4294603261 4294616893 4294618621 4294623229 4294632061 4294636669 4294640317 4294641277 4294644349 4294649341 4294652605 4294655101 4294657213 4294659709 4294671037 4294675069 4294677373 4294687933 4294692157 4294696381 4294698685 4294702717 4294704253 4294707901 4294710589 4294712125 4294721149 4294724605 4294727869 4294730365 4294734013 4294743229 4294744765 4294745725 4294748029 4294748797 4294750909 4294756861 4294763197 4294769341 4294776445 4294792765 4294804477 4294816381 4294819453 4294825597 4294832701 4294833085 4294841149 4294845565 4294849213 4294855357 4294868029 4294875133 4294878397 4294881469 4294884541 4294885501 4294890109 4294892221 4294910653 4294917757 4294933885 4294947517 4294949053 4294956541 4294959805 4294965565 3261 7677 15357 18621 24765 25725 33981 46077 50877 53949 59709 65661 75069 77949 84669 85629 89085 93885 96381 105981 107901 111741 113853 118077 127101 130749 139581 150333 155133 163005 181053 199869 202941 206973 213117 216573 219837 228285 235005 251517 255165 258621 261117 262269 265917 268221 271485 282237 305661 312957 315069 317565 332925 344061 352893 355197 356541 366909 372861 379389 387261 391869 394557 397629 402429 403581 405693 407037 410301 413373 416445 422013 423741 428349 437757 444861 448509 453117 466941 471549 489981 496509 503613 511293 520893 529533 532797 539133 545853 548349 550845 554493 562365 568317 569661 571773 579069 586173 589821 595581 598845 600189 607101 610941 619005 623613 625149 629373 630909 638589 641853 643389 646461 650877 652989 655485 657597 660669 663549 666813 675645 681597 683709 684861 688317 692733 700605 707709 709821 712317 721533 724797 739005 739965 742077 747645 750909 755709 758973 771069 784701 787581 790845 798909 801981 802749 807357 814269 815805 819837 823677 824637 828477 835581 840189 847485 849021 852285 860349 875517 877053 882813 889149 893565 897021 899901 907581 911997 921789 922749 926205 929661 934461 935037 938493 943101 946173 948669 952125 955005 960381 967293 969789 976701 978045 984573 1005117 1014717 1018557 1019325 1022973 1031997 1041597 1059453 1062525 1064637 1066173 1070205 1073469 1076349 1087677 1092093 1093821 1096317 1099581 1103997 1107261 1108797 1112253 1127421 1129149 1133181 1136253 1140861 1142973 1147389 1151037 1156605 1159869 1166973 1170045 1173501 1176381 1195005 1210557 1211517 1213629 1231677 1238205 1242237 1246845 1249917 1265277 1268733 1271229 1274877 1294653 1300989 1309821 1314621 1323837 1328253 1330173 1336509 1339389 1342653 1345725 1353597 1359549 1365501 1370109 1372605 1377213 1383549 1387197 1399485 1405437 1423485 1429821 1436157 1440573 1444029 1448637 1452669 1463613 1478973 1485309 1497213 1500861 1504893 1506621 1509885 1513917 1526781 1531005 1534077 1536189 1540221 1547901 1552701 1555965 1558653 1561917 1575549 1577469 1583229 1585341 1595517 1598589 1606269 1610109 1615677 1618941 1631421 1632573 1638525 1640829 1644861 1652541 1655613 1658685 1673853 1676925 1678653 1681917 1691133 1694397 1695165 1699005 1699773 1705149 1718781 1723389 1724541 1726653 1727997 1730877 1742973 1765053 1769469 1770621 1775229 1777341 1780413 1788093 1791549 1804797 1809405 1812669 1824381 1826877 1831869 1843389 1849533 1851069 1862973 1869117 1878525 1889469 1890621 1899837 1902141 1907133 1910781 1914045 1919613 1921725 1924605 1928061 1928829 1935165 1937469 1957053 1959549 1961661 1964349 1976445 1984509 1986045 1990269 1992381 1994877 2005821 2008125 2025597 2027709 2029245 2039997 2044221 2047293 2053053 2071869 2073981 2079357 2087229 2093565 2096445 2099325 2109309 2116413 2119485 2122365 2128509 2136765 2141373 2145405 2148669 2154813 2158269 2159037 2161341 2165949 2171901 